00010111
00101000
00101110
00101000
00100000
00010001
00001000
00000100
00000010
10000000
00000001
10000011
10000111
10000111
10001000
10001100
10001010
10001100
10001101
10001001
10001101
10001101
10001100
10001100
10001001
10001011
10001011
00000001
00001110
10000000
10001001
10001010
00010100
10000010
10010101
10001110
10010001
10001111
10001111
10010000
10001100
10000111
10000010
00000100
00001011
00001111
00010000
00001110
00000011
10000000
10000000
10000000
00000011
00000111
00001011
00101000
01001001
10000101
10011010
00001100
10011000
10011000
10100100
10101011
10101101
10110101
10111101
10111111
10111000
10101011
10100001
10011010
10011011
10010111
10010011
10001110
10000111
10000111
10001000
10000101
10001001
10001000
10001100
10001010
10001000
10001001
10001001
10000111
10000111
10000111
10001001
10000111
10001010
10000101
10000000
00001101
00010001
10000000
10000110
10001101
01111101
10011001
10001101
10001001
10001100
10001100
10000111
10000100
10000011
00000110
00010001
00010111
00100000
00011110
00010101
00010010
00001000
00000111
00001000
00001100
00010010
01000000
10000100
01110100
10001101
10010001
10010111
10010000
10010100
10100001
10100101
10101101
10101011
10011101
10010100
10001111
10001101
10001001
10001010
10000001
10000000
00000011
00000100
00000010
10000101
10000010
10000011
10000110
10000101
10000110
10001000
10000110
10000111
10001011
10001000
10001100
10001011
10001010
10001011
10001011
10000101
00000100
00001101
10000000
10001001
10001011
01110000
00000001
10010000
10001111
10001110
10001111
10001100
10001000
10000110
00000100
00001110
00010110
00011001
00010111
00001101
00001001
00000100
00000001
00000111
00010000
01000000
10010110
00111110
10011000
10001111
10010110
10011000
10010000
10010110
10010111
10010000
10000110
00000010
00000100
00000011
00000001
00000001
00000101
00000110
00001010
00001111
00000100
00000110
00000101
00000101
10000000
00000010
10000000
00000010
00000001
00000001
10000000
00000001
10000011
10000010
10000000
10000010
10000000
10000000
00000011
00001011
00011000
00000111
00000001
10001010
01111011
00001000
10000101
10000100
10000110
10000110
10000101
10000001
00000010
00001001
00010011
00011010
00011010
00010111
00010001
00001010
00000101
00000111
00000101
00001010
00011111
01011110
01000010
10011110
10010110
10001011
10001111
10001010
10000010
00000011
00001110
00011110
00100101
00100001
00011000
00010000
00001000
00001000
00000101
00000100
00000011
00000010
10000010
10000100
10000101
10001000
10000111
10001000
10001000
10001001
10001001
10001011
10001000
10001000
10001001
10001001
10001000
10001001
10001000
10001000
10001000
10000111
10000110
10000110
00000011
00001101
00001000
10000110
10000111
00000101
01111111
10011010
10010000
10010000
10001110
10010000
10001100
10001000
10000111
00000010
00001010
00010001
00010101
00010001
00001011
00000110
00000010
10000000
00000101
00001001
00010101
01001000
10010110
01001001
10000110
10010000
10011000
10011101
10011000
10011011
10100000
10100011
10100001
10010101
10001011
10001001
10000111
10000110
10000101
10000010
00000001
00000010
00000011
00000111
00000010
00000100
00000001
00000001
10000001
10000001
10000100
10000100
10000010
10000010
10000010
10000000
10000001
10000001
10000001
10000001
00000001
10000000
10000010
00000010
00000001
10000000
00000001
00000100
00000110
00010111
00011011
00000101
00000101
10001001
01111011
00001001
10000101
10001010
10000110
10000110
10001000
10000100
10000001
00000011
00001011
00010100
00011001
00011010
00010100
00010000
00000111
10000001
00000010
00000011
00000110
00110011
01110100
10010000
10000101
10010110
10011100
10100110
10100111
10100010
10100100
10100111
10011111
10011001
10001011
00000001
10000110
10001011
10000011
00000010
10000110
00000011
00000010
00000100
00000101
10000111
10000010
00000001
00000001
00000010
00000100
00000101
00000101
00000110
00000110
00001000
00000110
00000100
00000101
00000100
00000011
00000011
00000101
00000100
00000101
00000111
00000100
00001000
00001111
00011101
00010100
00001000
00000100
00110111
01110111
