00010011
00100010
00101110
00101101
00100010
00010110
00001010
00000100
00000100
00000011
10000000
10000011
10000100
10000111
10000111
10001011
10001101
10001010
10001011
10001011
10001011
10001100
10001111
10001100
10001010
10001100
10001100
10000010
00001111
00000101
10001011
10001101
10001101
10001100
10101000
10010000
10010000
10010001
10001111
10001110
10001101
10001000
10000010
00000001
00001011
00010001
00010000
00010000
00001000
10000000
10000000
10000000
00000010
00000111
00001010
00011110
00111111
01111001
10011100
00100000
10010100
10010110
10100001
10100111
10101111
10110100
10111011
10111110
10111010
10101101
10100100
10011100
10011001
10011000
10010011
10001111
10001001
10000100
10000110
10000110
10000101
10000110
10001000
10001000
10001001
10001001
10001001
10001001
10001101
10000110
10001001
10001001
10000101
10000110
10000011
00001110
00001110
10000010
10000111
10000110
01011011
00101100
10001110
10001101
10001110
10001010
10001000
10000100
10000010
00000011
00001110
00010000
00011101
00011110
00011000
00010010
00001010
00000110
00000111
00001100
00010001
00110010
01101100
10001011
10000111
10010110
10011001
10010100
10010010
10011111
10100111
10101110
10101100
10100011
10010110
10010000
10001100
10001000
10000100
10000101
00000001
00000110
00000100
00000011
10000001
10000100
10000011
10000111
10000110
10000101
10000110
10001001
10000101
10001001
10001011
10001010
10001001
10001010
10001001
10001010
10001001
10000000
00001101
00000001
10001010
10001000
00111111
01010000
10010001
10010000
10001111
10001110
10001101
10001000
10000110
00000001
00001101
00010110
00011100
00011001
00010001
00000111
00000101
00000011
00000100
00001011
00110011
01111100
01110110
10010100
10001110
10010101
10010111
10010100
10010101
10010111
10010100
10001001
00000011
00000011
00000011
00000011
10000000
00000100
00000110
00001000
00001101
00000100
00000110
00000101
00000011
10000001
00000011
00000001
10000001
00000010
10000000
10000001
00000001
00000011
10000101
10000000
00000010
10000010
00000001
00000010
00001000
00011000
00001101
10000001
10000010
01001110
01010110
10000110
10000101
10001000
10000111
10000100
10000011
00000010
00001000
00001111
00011001
00011101
00011000
00010101
00001100
00000100
00001000
00000111
00001000
00010111
01001100
01010010
10001111
10011101
10001100
10001110
10001100
10000111
10000000
00001100
00011010
00100101
00100100
00011010
00010001
00001011
00000111
00000110
00000101
00000010
00000011
10000001
10000100
10000100
10000110
10001000
10001000
10000111
10001100
10001001
10001010
10001001
10001000
10001000
10001010
10000111
10001000
10001001
10001000
10001000
10001000
10000110
10000110
10000001
00001011
00001110
10000100
10000111
10001000
01110101
10000110
10010000
10010001
10010000
10001111
10001110
10001010
10001000
10000010
00001001
00010000
00010011
00010011
00001101
00000111
00000010
10000000
00000011
00001000
00010010
00111010
10000000
01111010
10001010
10001111
10010101
10011110
10011010
10011001
10011111
10100010
10100001
10011001
10001101
10001000
10001001
10000110
10000101
10000010
10000000
00000011
00000010
00001000
00000110
00000100
00000001
00000001
10000001
10000001
10000001
10000101
10000010
10000001
10000100
10000000
10000000
10000100
10000001
10000001
10000001
10000000
00000001
10000000
10000000
00000001
10000001
00000010
00000101
00010000
00011010
00001010
00000010
00000001
01001100
01011110
10001010
10001000
10001001
10001000
10001000
10000110
10000011
00000010
00001000
00010010
00011010
00011011
00010111
00010001
00000101
10000001
00000001
00000011
00000011
00100000
01011111
10100010
00100001
10011001
10011010
10100010
10101000
10100001
10100001
10101001
10100011
10011001
10010000
10000101
00000010
10001101
10000100
00001000
10001011
10000010
00000100
00000010
00000011
10000011
10000011
10000000
00000011
10000001
00000011
00000101
00000100
00000101
00000111
00000111
00000111
00000101
00000011
00000100
00000100
00000010
00000100
00000101
00000100
00000110
00000111
00000110
00001101
00011110
00011010
00001010
00000111
00001001
10010111
