00011010
00101000
00101101
00101000
00011100
00001101
00000111
00000110
00000001
00000010
10000001
10000101
10000110
10001000
10001010
10001010
10001011
10001100
10001011
10001001
10001110
10001100
10001100
10001100
10000111
10001110
10001001
00001010
00001100
10000110
10001000
10001111
01001111
01010001
10010011
10010001
10001110
10010000
10010000
10001100
10001101
10000110
00000001
00000111
00001011
00010000
00001111
00000111
00000010
10000001
10000010
00000010
00000100
00000101
00010001
00101111
01010110
10010000
10001000
10000001
10011000
10011010
10100111
10101100
10110010
10111000
10111101
10111101
10110111
10100110
10011111
10011101
10010111
10010110
10010010
10001011
10000110
10000111
10000110
10000111
10001100
10001010
10000111
10000111
10001001
10001010
10001001
10000110
10000111
10001001
10000110
10000101
10001011
10000010
00000001
00010001
00001110
10000011
10000101
00000010
10001000
10011000
10001000
10001001
10001010
10001000
10001100
10000100
00000001
00000111
00010101
00011101
00011111
00011010
00010100
00001001
00000101
00001001
00001000
00001101
00011101
01001100
10011000
01010100
10001101
10010001
10010100
10010011
10011111
10100011
10101001
10101110
10101010
10011100
10010010
10001110
10001011
10001101
10000111
10000010
10000001
00000001
00000011
10000000
10000000
10000000
10000011
10001000
10000101
10001000
10000111
10001000
10001101
10000111
10001001
10001101
10001000
10001001
10001100
10000111
10000011
00001010
00010000
10000100
10001000
10001010
10000110
10100101
10001101
10001110
10001111
10001110
10001100
10001001
10000010
00000111
00010001
00011010
00010111
00010101
00001110
00000111
00000010
00000101
00001000
00010101
01010101
10011010
00001010
10010001
10010000
10011001
10010101
10010000
10011001
10010101
10001101
10000100
00000100
00000011
00000011
00000001
00000010
00000100
00000111
00001010
00001001
00000110
00000100
00000100
00000110
00000001
10000001
00000001
00000001
10000000
00000001
00000010
00000010
10000100
10000011
10000001
10000010
10000000
10000010
00000111
00010010
00010110
00000100
00000010
10000111
10010101
10010111
10001000
10000100
10000110
10000110
10000100
00000001
00000100
00001100
00010100
00011011
00011101
00010111
00001101
00001011
00000101
00000111
00001000
00001101
00101000
01110001
00101111
10100101
10001100
10001100
10010000
10000110
10000011
00000110
00010011
00100000
00100101
00100001
00010110
00001101
00001000
00000111
00000011
00000100
00000011
10000000
10000001
10000100
10000111
10000110
10001000
10001001
10000111
10001000
10001010
10001001
10001000
10001001
10001000
10001000
10001001
10000111
10001000
10001001
10000111
10001000
10001000
10000100
00000100
00001101
00000100
10000111
10001000
00101011
01101100
10010100
10001111
10001110
10010000
10001110
10001100
10001001
10000110
00000100
00001100
00010100
00010100
00001111
00001010
00000101
10000000
00000001
00000111
00001010
00100001
01010110
10011011
00000111
10001001
10010011
10011010
10011011
10011000
10011100
10100000
10100011
10011110
10010000
10001011
10001000
10000111
10000111
10000011
10000001
10000001
00000100
00000110
00000111
00000101
00000011
10000000
00000001
10000010
10000010
10000011
10000010
10000010
10000001
10000001
10000010
10000001
10000000
10000001
10000001
00000010
10000001
10000000
00000001
10000001
00000001
00000010
00000010
00001011
00011001
00010100
00000011
00000111
10001000
10010100
10011100
10000010
10001000
10000110
10001010
10001000
10000011
10000010
00000110
00001110
00010011
00011010
00011100
00010000
00001110
00000011
10000011
00000110
00000001
00000111
01000100
10001110
01110110
10010100
10010110
10011110
10100111
10100101
10100011
10100101
10100110
10011100
10010111
10001001
10000001
10001010
10001000
10000010
10001000
10000100
00000010
00000011
00000100
00000101
10000100
10000000
10000001
00000001
00000100
00000010
00000100
00000110
00000100
00000111
00001001
00000011
00000100
00000100
00000010
00000100
00000100
00000100
00000100
00000111
00000110
00000110
00001001
00001111
00011101
00001111
00000110
00000010
01110101
00100101
