00001110
00011110
00101010
00101111
00100110
00011001
00001100
00000111
00000100
00000100
00000010
10000110
10000101
10000111
10001000
10001000
10001011
10001100
10001011
10001010
10001011
10001101
10001110
10001101
10001010
10001001
10001110
10000100
00010000
00001010
10001001
10001100
10010101
01111100
10000001
10010001
10001111
10001111
10010001
10001101
10001011
10001100
10000100
00000100
00000110
00010000
00010001
00001111
00000101
00000001
10000000
00000001
00000010
00000101
00001000
00010111
00110101
01101001
10011011
01010101
10001100
10010110
10011110
10100110
10101110
10110100
10111000
10111110
10111111
10110001
10100010
10100000
10011100
10010111
10010110
10010000
10001001
10000110
10000101
10000100
10000111
10000111
10001001
10001001
10001001
10001010
10001100
10000111
10001010
10001000
10001000
10001001
10000100
10000111
10000001
00000011
00001111
10000000
10001000
10000001
00100110
01101101
10001101
10001100
10001010
10001010
10001000
10000111
10000000
00000110
00001001
00010110
00011101
00011101
00011010
00010010
00000111
00000111
00000100
00000111
00001111
00101001
01011001
10011110
00100001
10010010
10010010
10010101
10010110
10011110
10100100
10101101
10101110
10100110
10011100
10001110
10001100
10001100
10000100
10000100
10000010
00000101
00000100
00000010
00000010
10000000
10000010
10000001
10000111
10000110
10001000
10001010
10001000
10001010
10001000
10001100
10000111
10000111
10001101
10001010
10001001
10000011
00001101
00001000
10000111
10001001
00001010
01111101
10010010
10001111
10010000
10001100
10001110
10001100
10000111
00000001
00000111
00010111
00011101
00011000
00010101
00001010
00000100
00000100
00000100
00001001
00100011
01101000
10001100
10001000
10001100
10010011
10011000
10010100
10010100
10011000
10010101
10001011
10000000
00000100
10000000
00000100
00000001
00000001
00000110
00001001
00001000
00000111
00000111
00000100
00000011
00000100
00000001
10000000
00000001
10000000
00000001
10000000
10000000
00000011
10000010
10000011
00000001
10000001
10000000
00000001
00001001
00010101
00010011
00000010
10000000
00010111
10001100
10001000
10000111
10000101
10001001
10000011
10000100
10000000
00000111
00001101
00010101
00011101
00011101
00010110
00001110
00001000
00000101
00000111
00001010
00001111
00111000
01101101
00001100
10100010
10001010
10001111
10001101
10000110
10000100
00001001
00011000
00100001
00100110
00011110
00010010
00001101
00001000
00000100
00000100
00000100
00000010
00000001
10000001
10000101
10000110
10000110
10001010
10000111
10001001
10001001
10001000
10000111
10001010
10001000
10001000
10001010
10001000
10001001
10001001
10001000
10000111
10001000
10000110
10000001
00000110
00001110
10000000
10001000
10001001
01011010
00110110
10010010
10001111
10010000
10001111
10001101
10001011
10001000
10000010
00000110
00001111
00010101
00010001
00010000
00001001
00000010
10000000
00000011
00000110
00001110
00101111
01100110
10010011
10010001
10001111
10010100
10011011
10011101
10011001
10011100
10100010
10100001
10011001
10010000
10001000
10000111
10001000
10000101
10000010
10000001
00000001
00000011
00000110
00000111
00000110
00000010
00000010
10000000
10000001
10000000
10000001
10000010
10000001
10000001
10000010
10000011
10000010
10000010
10000000
00000001
10000001
10000000
00000001
10000001
10000000
00000001
10000000
00000101
00001111
00011000
00001111
00000010
00000111
00010101
10010000
10001011
10000100
10000111
10001001
10001010
10000111
10000100
00000001
00001000
00010000
00011001
00011011
00011010
00010001
00001001
10000001
10000000
00000101
00000001
00010001
01010000
10100001
01010001
10010111
10011010
10011111
10101000
10100101
10100001
10100111
10101000
10011010
10010011
10001001
10000001
10001001
10000111
00000101
10001101
10000100
00000010
00000011
00000001
00000110
10000011
10000001
10000000
00000010
00000001
00000100
00000100
00000110
00000110
00001001
00000110
00000101
00000101
00000010
00000101
00000100
00000011
00000100
00000101
00000101
00000111
00000110
00001010
00010110
00011110
00001011
00000111
10000010
10010010
