00010101
00100101
00101111
00101011
00100001
00010101
00001000
00000100
00000011
00000001
10000000
10000001
10000110
10000111
10001000
10001100
10001100
10001011
10001110
10001010
10001100
10001101
10001110
10001101
10001010
10001011
10001011
10000010
00001110
00000010
10001011
10001001
10000000
10001011
10011111
10001111
10010000
10010000
10001111
10001111
10001101
10000111
10000011
00000010
00001101
00010000
00010000
00001111
00000110
10000000
00000010
10000000
00000011
00000111
00001010
00100011
01000011
01111110
10011100
00010011
10010111
10010110
10100010
10101001
10101111
10110100
10111101
10111111
10110111
10101101
10100100
10011011
10011010
10011000
10010011
10001110
10001001
10000101
10000111
10000101
10000110
10001000
10001010
10001001
10001000
10001001
10001000
10001010
10001001
10000101
10001010
10000111
10000111
10000110
10000001
00001101
00010000
10000000
10000101
10001010
01101111
00000100
10001101
10001001
10001110
10001100
10000111
10000101
10000011
00000011
00010000
00010010
00011110
00011111
00010110
00010011
00001010
00000101
00001001
00001101
00010001
00111001
01111000
01111110
10001110
10010100
10011001
10010001
10010010
10100000
10100111
10101101
10101010
10100001
10010100
10010000
10001101
10000111
10000111
10000010
00000001
00000100
00000100
00000011
10000100
10000101
10000011
10000111
10000110
10000110
10001000
10001000
10000100
10001010
10001010
10001010
10001011
10001010
10001000
10001011
10000111
00000011
00001100
10000000
10001010
10001001
01011011
00101010
10010001
10001111
10001110
10001111
10001100
10001000
10000110
00000011
00001110
00010101
00011011
00011001
00001110
00000111
00000100
00000010
00000101
00001110
00111001
10001011
01011110
10010111
10001111
10010101
10011000
10010010
10010100
10010111
10010001
10000110
00000010
00000011
00000100
00000001
00000001
00000101
00000110
00001001
00001111
00000011
00000110
00000110
00000011
10000001
00000010
10000001
10000000
00000001
00000001
10000001
00000001
00000001
10000100
10000000
10000000
10000001
10000000
00000010
00001001
00011000
00001001
10000000
10000110
01101000
00110000
10000111
10000101
10000111
10000110
10000110
10000010
00000011
00001001
00010001
00011010
00011011
00010110
00010100
00001010
00000011
00001000
00000101
00001010
00011011
01010100
01001000
10011000
10011010
10001100
10001111
10001100
10000100
00000010
00001101
00011011
00100101
00100011
00011001
00010000
00001010
00000111
00000110
00000100
00000010
00000011
10000001
10000100
10000100
10000111
10001000
10001000
10001000
10001011
10001001
10001100
10001001
10000111
10001001
10001001
10000111
10001000
10001000
10000111
10001000
10001000
10000110
10000110
00000001
00001101
00001011
10000101
10000110
10000101
01111100
10010111
10001111
10010000
10001110
10010000
10001101
10001000
10001000
10000000
00001010
00010001
00010011
00010011
00001100
00000111
00000011
10000001
00000100
00001010
00010010
01000000
10001011
01100100
10000110
10001111
10010111
10011101
10011001
10011010
10011111
10100010
10100001
10010111
10001101
10001000
10001000
10000111
10000101
10000010
00000001
00000010
00000010
00001000
00000011
00000011
00000001
00000001
10000000
10000001
10000010
10000011
10000010
10000010
10000100
10000000
10000010
10000011
10000000
10000001
10000001
00000001
10000001
10000000
00000001
00000001
10000000
00000011
00000101
00010011
00011011
00000111
00000010
10000100
01100110
00110100
10001000
10001011
10000111
10000110
10001000
10000110
10000010
00000011
00001001
00010100
00011010
00011010
00010101
00010000
00000110
10000000
00000001
00000100
00000100
00101001
01101001
10011010
00001011
10010111
10011011
10100101
10100111
10100001
10100011
10101000
10100000
10011001
10001101
10000010
10000001
10001100
10000010
00000111
10001000
00000001
00000011
00000100
00000100
10000111
10000001
00000001
00000001
00000001
00000101
00000100
00000100
00000110
00000111
00000111
00000110
00000100
00000011
00000101
00000100
00000010
00000101
00000101
00000100
00000110
00000110
00000111
00001111
00011110
00010111
00001001
00000110
00011011
10001110
