00010001
00100000
00101101
00101111
00100011
00010111
00001011
00000101
00000100
00000101
10000000
10000101
10000100
10000111
10001000
10001001
10001101
10001100
10001100
10001011
10001100
10001100
10001111
10001100
10001001
10001100
10001100
10000011
00001111
00000111
10001010
10001101
10010011
10000111
10100000
10010000
10010000
10010001
10010001
10001110
10001100
10001001
10000010
00000011
00000111
00010001
00010001
00010000
00000111
00000001
10000000
00000001
00000010
00000110
00001001
00011010
00111001
01110010
10011100
00110110
10010001
10010101
10011111
10100110
10101101
10110011
10111001
10111110
10111110
10101111
10100100
10011101
10011010
10011001
10010101
10010001
10001001
10000101
10000101
10000101
10000100
10000110
10001000
10001000
10001010
10001001
10001011
10001000
10001100
10000111
10001000
10001001
10000100
10000110
10000010
00001000
00001101
10000010
10001000
10000010
01000001
01001111
10001101
10001101
10001100
10001010
10001001
10000101
10000001
00000100
00001100
00010010
00011100
00011110
00011010
00010001
00001001
00001000
00000110
00001001
00010001
00101110
01100001
10010110
00001010
10010100
10010111
10010101
10010101
10011101
10100101
10101110
10101110
10100101
10011001
10001110
10001100
10001011
10000010
10000101
10000001
00000111
00000011
00000011
00000001
10000011
10000011
10000100
10000110
10000110
10000110
10001100
10000111
10001000
10001100
10001010
10000111
10001001
10001011
10001001
10001011
10000010
00001101
00000100
10001001
10001001
00100000
01101100
10010000
10001111
10001111
10001101
10001101
10001010
10000101
00000001
00001010
00010111
00011101
00011001
00010100
00001001
00000010
00000100
00000100
00001010
00101011
01101111
10000011
10001101
10001101
10010011
10010111
10010100
10010110
10010110
10010100
10001010
00000001
00000011
00000001
00000011
10000000
00000011
00000111
00000111
00001001
00000110
00000101
00000100
00000100
00000010
00000001
10000000
10000000
00000001
00000010
10000001
10000000
00000100
10000100
10000010
00000010
10000010
00000001
00000010
00001000
00010111
00010000
10000000
10000001
00110000
01110110
10000111
10000110
10000111
10001000
10000010
10000101
00000001
00000111
00001110
00011000
00011111
00011010
00010110
00001101
00000110
00000110
00001001
00001001
00010011
01000010
01011111
10000011
10100000
10001100
10010000
10001101
10001000
10000001
00001011
00011010
00100010
00100101
00011011
00010010
00001101
00001000
00000101
00000110
00000011
00000010
00000001
10000010
10000101
10000101
10000111
10001001
10000111
10001010
10001001
10001001
10001001
10001001
10001000
10001001
10001000
10001000
10001001
10001000
10000111
10001000
10000111
10000110
10000001
00001001
00001111
10000010
10001000
10001001
01101010
00010110
10010001
10010000
10001111
10001111
10001110
10001010
10000111
10000010
00000111
00010001
00010011
00010011
00001111
00001000
00000010
00000001
00000010
00000111
00010000
00110101
01110010
10001010
10001110
10001111
10010100
10011101
10011100
10011000
10011101
10100010
10100000
10011001
10001111
10000111
10000111
10000111
10000101
10000010
10000001
00000010
00000011
00000110
00000111
00000011
00000001
00000011
10000000
10000001
10000000
10000011
10000010
10000000
10000010
10000001
10000000
10000011
10000010
10000001
10000000
10000000
00000001
10000000
10000000
10000000
10000001
10000000
00000110
00001111
00011001
00001101
00000001
00000110
00101110
01111101
10001001
10000110
10001000
10001001
10001000
10000111
10000011
00000010
00001000
00010000
00011010
00011001
00010111
00010001
00000110
10000010
00000001
00000100
00000001
00011001
01010111
10100011
00111001
10011001
10011010
10011111
10101000
10100100
10100010
10101000
10100101
10011010
10010001
10000111
00000010
10001100
10000101
00001000
10001101
10000010
00000101
00000010
00000001
00000011
10000100
10000001
00000001
10000000
00000010
00000101
00000100
00000110
00000111
00001000
00000110
00000101
00000100
00000011
00000100
00000011
00000011
00000110
00000101
00000110
00000111
00000110
00001100
00011010
00011101
00001011
00000110
10000000
10010111
