00011100
00101000
00101110
00100111
00011010
00001100
00000111
00000100
00000100
00000010
10000100
10000101
10000110
10001000
10001001
10001010
10001100
10001101
10001011
10001011
10001110
10001101
10001101
10001011
10001000
10001111
10000110
00001110
00001011
10001000
10001010
10010011
01101011
00101001
10010100
10010000
10001111
10010001
10001110
10001100
10001101
10000101
00000011
00000110
00001111
00010000
00001111
00000100
00000010
10000001
10000001
00000011
00000100
00000110
00010101
00110010
01100000
10010110
01110011
10000111
10010111
10011110
10100111
10101100
10110011
10111001
10111100
10111111
10110100
10100011
10100001
10011110
10010110
10010110
10010010
10001010
10000110
10000111
10000110
10001000
10001001
10001010
10001000
10000111
10001011
10001100
10001000
10000111
10001000
10001001
10000111
10000101
10001001
10000001
00000001
00010000
00000111
10000101
10000011
00010000
10000000
10010000
10001001
10001000
10001011
10000111
10001011
10000001
00000101
00001000
00010111
00011100
00011101
00011010
00010011
00000110
00000110
00000110
00001000
00001101
00100011
01010011
10011101
00111010
10001111
10010010
10010100
10010110
10011111
10100100
10101011
10101101
10101000
10011110
10010001
10001110
10001100
10001001
10000100
10000100
00000010
00000010
00000010
00000010
10000000
10000001
10000001
10001000
10000110
10001001
10000111
10001000
10001100
10000111
10001011
10001001
10000111
10001101
10001011
10001000
10000100
00001101
00001101
10000110
10001001
10000100
10000101
10011011
10001101
10001111
10001101
10001110
10001100
10001001
10000000
00000111
00010011
00011100
00010111
00010101
00001101
00000101
00000011
00000100
00000111
00011010
01011111
10010100
10000010
10001101
10010001
10011001
10010100
10010010
10011001
10010101
10001101
10000010
00000101
00000001
00000011
00000001
00000001
00000101
00001001
00001010
00000111
00000101
00000100
00000011
00000110
10000000
10000010
00000010
00000001
00000001
00000001
00000001
00000010
10000010
10000010
10000000
10000010
10000001
10000001
00001001
00010100
00010100
00000010
00000001
00000100
10010110
10001111
10001000
10000101
10001000
10000101
10000010
10000000
00000100
00001101
00010101
00011101
00011111
00010110
00001101
00001011
00000101
00000111
00001001
00001101
00101111
01110010
00011111
10100100
10001010
10001110
10001111
10000101
10000011
00000111
00010111
00100001
00100101
00100000
00010011
00001100
00001000
00000110
00000100
00000100
00000010
10000000
10000000
10000100
10000111
10000110
10001001
10001000
10001000
10001001
10001000
10000111
10001001
10001001
10000111
10001001
10001000
10001000
10001000
10001000
10000110
10001000
10000111
10000010
00000101
00001110
00000010
10001000
10001000
01000100
01010100
10010010
10001111
10001111
10010001
10001110
10001011
10001000
10000100
00000100
00001101
00010101
00010011
00010000
00001010
00000011
10000001
00000010
00000110
00001101
00101000
01011101
10011000
10001011
10001100
10010101
10011010
10011100
10011000
10011011
10100010
10100100
10011011
10010001
10001001
10000111
10000111
10000110
10000010
10000001
00000001
00000101
00000110
00000111
00000111
00000010
10000000
00000001
10000001
10000001
10000001
10000010
10000010
10000000
10000001
10000100
10000000
10000010
10000001
10000000
00000001
10000000
00000001
10000001
10000001
00000010
10000000
00000011
00001110
00011000
00010010
00000011
00000111
00000010
10010110
10010011
10000010
10000111
10001001
10001010
10000110
10000100
10000001
00001000
00001111
00010110
00011011
00011011
00010000
00001100
00000001
10000010
00000101
00000001
00001011
01001010
10011010
01100110
10010101
10011000
10011111
10100110
10100110
10100010
10100101
10100111
10011001
10010100
10001001
10000010
10001001
10001000
00000001
10001100
10000100
00000011
00000100
00000010
00000110
10000010
10000001
10000000
00000001
00000010
00000011
00000101
00000111
00000101
00001000
00001000
00000100
00000101
00000100
00000011
00000100
00000011
00000100
00000101
00000101
00000110
00000111
00001001
00010000
00011101
00001100
00000110
10000001
10000111
10001000
