00011000
00101000
00101101
00100111
00011111
00001111
00001000
00000110
00000001
00000001
00000001
10000100
10000111
10001000
10001010
10001011
10001010
10001101
10001100
10001001
10001110
10001100
10001100
10001101
10001000
10001100
10001100
00000101
00001101
10000100
10001000
10001011
00110000
01101111
10010001
10010000
10010000
10001111
10001111
10001111
10001100
10000110
10000000
00000111
00001011
00001111
00010000
00001001
00000010
10000001
10000001
00000001
00000100
00000110
00001101
00101100
01001111
10001010
10010101
00000110
10011000
10011001
10100110
10101011
10110000
10110111
10111101
10111110
10111001
10101001
10011111
10011100
10011001
10010111
10010100
10001101
10000111
10000111
10000111
10000110
10001100
10001001
10001000
10001000
10001000
10001001
10001001
10000111
10000110
10001000
10001000
10000111
10001100
10000011
00000001
00001110
00010001
10000000
10000110
10001000
10000110
10100001
10001010
10001001
10001010
10001010
10001010
10000101
10000001
00001001
00010011
00011010
00011111
00011011
00010100
00001110
00000110
00001000
00001000
00001011
00010110
01000111
10010000
01100111
10001011
10010000
10010101
10010001
10011010
10100010
10101000
10101110
10101010
10011010
10010010
10001110
10001101
10001100
10001001
10000010
10000010
00000001
00000100
00000001
10000011
10000000
10000011
10000101
10000100
10000110
10001000
10000110
10001100
10001001
10001000
10001110
10001010
10001001
10001100
10001001
10000100
00000111
00010000
10000001
10001001
10001100
01111110
10011110
10001110
10001101
10001111
10001111
10001011
10001001
10000011
00000110
00001111
00011000
00011000
00010101
00001101
00001000
00000010
00000011
00001000
00010010
01001010
10011100
00011110
10010100
10001110
10010111
10010111
10001111
10011000
10010111
10001111
10000101
00000100
00000100
00000100
10000000
00000010
00000100
00000111
00001010
00001100
00000101
00000110
00000101
00000110
10000000
10000000
00000001
00000001
10000000
00000001
00000010
00000010
10000100
10000010
10000001
10000011
00000001
10000001
00000101
00001110
00010111
00000101
00000001
10001101
10001100
10010010
10000111
10000101
10000110
10000110
10000101
10000000
00000011
00001011
00010101
00011010
00011011
00010111
00001111
00001010
00000110
00000111
00000110
00001101
00100011
01101000
00111010
10100011
10010001
10001100
10010000
10001000
10000001
00000100
00010000
00011111
00100101
00100001
00011000
00001110
00001000
00001000
00000100
00000011
00000100
00000001
10000010
10000011
10000110
10000111
10000111
10001001
10001000
10001000
10001010
10001010
10001000
10001001
10001001
10001000
10001000
10001000
10001000
10001000
10000111
10000110
10000111
10000101
00000100
00001101
00000110
10000110
10000111
00010101
01111010
10010110
10010000
10001111
10010000
10010000
10001011
10001001
10000111
00000011
00001011
00010010
00010101
00010000
00001010
00000111
00000001
10000000
00000101
00001010
00011010
01010000
10011100
00100110
10000111
10010010
10011001
10011011
10011000
10011100
10100000
10100011
10100000
10010001
10001100
10001001
10000111
10000111
10000101
10000001
00000001
00000011
00000101
00000111
00000010
00000110
10000000
00000001
10000001
10000010
10000100
10000001
10000011
10000010
10000001
10000010
10000001
10000000
10000000
10000001
00000010
10000001
10000010
00000010
00000001
00000001
00000011
00000011
00001001
00011010
00011000
00000101
00000101
10001101
10001010
10010101
10000011
10001000
10000101
10000111
10001000
10000011
10000010
00000100
00001101
00010100
00011001
00011011
00010010
00001110
00000101
10000010
00000100
00000010
00000101
00111101
10000010
10000101
10001111
10010101
10011110
10100111
10100101
10100010
10100101
10100110
10011110
10011000
10001010
10000000
10001010
10001001
10000011
10000100
10000101
00000011
00000010
00000101
00000110
10000100
10000000
10000001
00000001
00000100
00000011
00000100
00000111
00000101
00000110
00001000
00000100
00000101
00000100
00000011
00000011
00000100
00000100
00000101
00000111
00000101
00000100
00001001
00001111
00011100
00010010
00000111
00000011
01011000
01010001
