1111100
1111000
1110001
1100011
1000111
0001111
0011111
0111111
1111111
1111111
1111111
1111111
1111111
1111111
1111111
1111111
1111111
1111111
1111111
1111111
1111111
1111111
1111111
1111111
1111111
1111110
1111100
1111000
1110001
1100011
1000111
0001111
0011111
0111111
1111111
1111111
1111111
1111111
1111111
1111111
1111111
1111111
1111111
1111111
1111111
1111111
1111111
1111111
1111111
1111111
1111111
1111110
1111100
1111000
1110000
1100001
1000011
0000111
0001111
0011111
0111111
1111111
1111111
1111111
1111111
1111111
1111111
1111110
1111100
1111000
1110000
1100001
1000011
0000111
0001111
0011111
0111111
1111111
1111111
1111111
1111111
1111111
1111111
1111111
1111111
1111111
1111111
1111111
1111111
1111111
1111111
1111111
1111110
1111100
1111000
1110000
1100000
1000000
0000000
0000001
0000011
0000111
0001111
0011111
0111111
1111111
1111111
1111110
1111100
1111000
1110000
1100000
1000000
0000000
0000000
0000000
0000000
0000000
0000000
0000000
0000000
0000001
0000011
0000111
0001111
0011111
0111111
1111111
1111111
1111111
1111111
1111110
1111100
1111000
1110000
1100001
1000011
0000111
0001111
0011111
0111111
1111111
1111111
1111111
1111111
1111111
1111111
1111111
1111111
1111111
1111111
1111111
1111111
1111111
1111111
1111110
1111100
1111000
1110000
1100000
1000000
0000000
0000001
0000011
0000111
0001111
0011111
0111111
1111111
1111111
1111111
1111111
1111111
1111110
1111100
1111001
1110011
1100111
1001111
0011110
0111100
1111000
1110000
1100000
1000001
0000011
0000111
0001111
0011111
0111111
1111111
1111111
1111111
1111110
1111100
1111000
1110000
1100001
1000011
0000111
0001111
0011111
0111111
1111111
1111111
1111111
1111111
1111111
1111111
1111111
1111111
1111111
1111111
1111111
1111111
1111111
1111111
1111110
1111100
1111000
1110000
1100000
1000000
0000000
0000000
0000000
0000001
0000011
0000111
0001111
0011111
0111111
1111111
1111111
1111111
1111111
1111110
1111100
1111000
1110000
1100000
1000000
0000000
0000000
0000000
0000000
0000001
0000011
0000111
0001111
0011111
0111111
1111111
1111111
1111111
1111110
1111100
1111000
1110000
1100000
1000001
0000011
0000111
0001111
0011111
0111111
1111111
1111111
1111111
1111111
1111111
1111111
1111111
1111111
1111111
1111111
1111111
1111111
1111111
1111110
1111100
1111000
1110000
1100000
1000000
0000000
0000000
0000000
0000000
0000000
0000000
0000000
0000000
0000000
0000000
0000000
0000000
0000000
0000000
0000000
0000000
0000000
0000000
0000000
0000000
0000000
0000000
0000000
0000000
0000001
0000011
0000111
0001111
0011111
0111111
1111111
1111111
1111111
1111111
1111111
1111110
1111100
1111000
1110000
1100001
1000011
0000111
0001111
0011111
0111111
1111111
1111111
1111111
1111111
1111111
1111111
1111111
1111111
1111111
1111111
1111111
1111111
1111111
1111110
1111100
1111000
1110000
1100000
1000000
0000000
0000000
0000000
0000001
0000011
0000111
0001111
0011111
0111110
1111100
1111000
1110000
1100000
1000000
0000000
0000000
0000000
0000000
0000000
0000000
0000000
0000000
0000000
0000000
0000001
0000011
0000111
0001111
0011111
0111111
1111111
1111111
1111111
1111111
1111111
1111110
1111100
1111000
1110000
1100001
1000011
0000111
0001111
0011111
0111111
1111111
1111111
1111111
1111111
1111111
1111111
1111111
1111111
1111111
1111111
1111111
1111111
1111111
1111111
1111111
1111111
1111110
1111100
1111000
1110000
1100001
1000011
0000111
0001111
0011111
0111111
1111111
1111111
1111111
1111111
1111111
1111111
1111111
1111111
1111111
1111111
1111111
1111111
1111111
1111111
1111111
1111111
1111110
1111100
1111000
1110000
1100000
1000001
0000011
0000111
0001111
0011111
0111111
1111111
1111111
1111111
1111111
1111111
1111110
1111100
1111000
1110000
1100001
1000011
0000111
0001111
0011111
0111111
1111111
1111111
1111111
1111111
1111111
1111111
1111111
1111111
1111111
1111111
1111111
1111111
1111111
1111111
1111111
1111111
1111111
1111110
1111100
1111000
1110000
1100000
1000001
0000011
0000111
0001111
0011111
0111111
1111111
1111111
1111111
1111111
1111111
1111111
1111110
1111100
1111000
1110000
1100000
1000000
0000000
0000000
0000000
0000000
0000000
0000000
0000000
0000000
0000001
0000011
0000111
0001111
0011111
0111111
1111111
1111111
1111111
1111111
1111110
1111100
1111000
1110000
1100000
1000001
0000011
0000111
0001111
0011111
0111111
1111111
1111111
1111111
1111111
1111111
1111111
1111111
1111111
1111111
1111111
1111111
1111111
1111111
1111111
1111111
1111110
1111100
1111000
1110000
1100000
1000000
0000001
0000011
0000111
0001111
0011111
0111111
1111111
1111111
1111111
1111111
1111111
1111111
1111111
1111111
1111111
1111110
1111100
1111000
1110000
1100000
1000000
0000000
0000000
0000000
0000000
0000001
0000011
0000111
0001111
0011111
0111111
1111111
1111111
1111111
1111111
1111110
1111100
1111000
1110000
1100001
1000011
0000111
0001111
0011111
0111111
1111111
1111111
1111111
1111111
1111111
1111111
1111111
1111111
1111111
1111111
1111111
1111111
1111111
1111111
1111111
1111110
1111100
1111000
1110001
1100011
1000111
0001111
0011111
0111111
1111111
1111111
1111111
1111111
1111111
1111111
1111111
1111111
1111111
1111111
1111111
1111111
1111111
1111111
1111111
1111111
1111110
1111100
1111000
1110001
1100011
1000111
0001111
0011111
0111111
1111111
1111111
1111111
1111111
1111111
1111110
1111100
1111000
1110000
1100001
1000011
0000111
0001111
0011111
0111111
1111111
1111111
1111111
1111111
1111111
1111111
1111111
1111111
1111111
1111111
1111111
1111111
1111111
1111111
1111111
1111111
1111111
1111111
1111111
1111111
1111111
1111111
1111111
1111111
1111111
1111111
1111111
1111111
1111111
1111111
1111111
1111111
1111111
1111111
1111111
1111111
1111111
1111111
1111111
1111111
1111110
1111100
1111000
1110001
1100011
1000111
0001111
0011111
0111111
1111111
1111111
1111111
1111111
1111111
1111111
1111110
1111100
1111000
1110001
1100011
1000111
0001111
0011111
0111111
1111111
1111111
1111111
1111111
1111111
1111111
1111111
1111111
1111111
1111111
1111111
1111111
1111111
1111111
1111111
1111111
1111111
1111110
1111101
1111011
1110111
1101111
1011111
0111111
1111111
1111111
1111111
1111111
1111111
1111111
1111111
1111111
1111111
1111111
1111111
1111111
1111111
1111111
1111111
1111111
1111111
1111110
1111100
1111000
1110001
1100011
1000111
0001111
0011111
0111111
1111111
1111111
1111111
1111111
1111111
1111110
1111100
1111000
1110001
1100011
1000111
0001111
0011111
0111111
1111111
1111111
1111111
1111111
1111111
1111111
1111111
1111111
1111111
1111111
1111111
1111111
1111111
1111111
1111111
1111111
1111111
1111111
1111111
1111111
1111111
1111111
1111111
1111111
1111111
1111111
1111111
1111111
1111111
1111111
1111111
1111111
1111111
1111111
1111111
1111111
1111111
1111111
1111111
1111111
1111111
1111111
1111110
1111101
1111011
1110111
1101111
1011111
0111111
1111111
1111111
1111111
1111111
1111111
1111110
1111100
1111000
1110001
1100011
1000111
0001111
0011111
0111111
1111111
1111111
1111111
1111111
1111111
1111111
1111111
1111111
1111111
1111111
1111111
1111111
1111111
1111111
1111111
1111111
1111111
1111111
1111111
1111111
1111111
1111111
1111111
1111111
1111111
1111111
1111111
1111111
1111111
1111111
1111111
1111111
1111111
1111111
1111111
1111111
1111111
1111111
1111111
1111111
1111111
1111110
1111100
1111001
1110011
1100111
1001111
0011111
0111111
1111111