100001100011011110111111
100001010011011111001001
100001010001011111001011
100001000001011111010101
100001000111011111010001
100001001001011111001111
100001101101011110111001
100001000001011111010101
100001101001011110111011
100001000011011111010101
100001000101011111010011
100000111101011111010111
100001010101011111001001
100000111111011111010111
100001000111011111010001
100001010101011111000111
100001010101011111001001
100000101111011111100001
100001001111011111001101
100001010101011111001001
100000111011011111011001
100001000011011111010101
100001100001011111000001
100001000001011111010101
100001000001011111010101
100001001101011111001101
100000111111011111010111
100001010111011111000111
100001001111011111001011
100001001101011111001101
100001011011011111000101
100000111001011111011011
