Tue Jan 19 21:27:08 2021
quantization_distribution:8888888
model_dir:../model/FP32_model_210118.hdf5
qkeras_8bit_model_dir:../model/Qkeras_8bit_model.h5
qkeras_model_dir:../model/Qkeras_model.h5
log_file_dir:../model/log
batch_size:64
learning_rate:0.001
dropout:0.3
num_categories:17
shuffle:True
recorrect:True
train:./train_32.json
dev:./dev_32.json

quantization_distribution	FP32 acc	qkeras model acc	FP32 acc - qkeras model acc	size(kB)
[8, 8, 8, 8, 8, 8, 8]			94.74		93.42			1.32				52.34	
[6, 6, 6, 6, 6, 6, 6]			94.74		93.75			0.99				39.25	
[4, 4, 4, 4, 4, 4, 4]			94.74		88.82			5.92				26.17	
[2, 2, 2, 2, 2, 2, 2]			94.74		27.96			66.78				13.08	
[6, 8, 8, 8, 8, 8, 8]			94.74		94.08			0.66				52.31	
[8, 6, 8, 8, 8, 8, 8]			94.74		93.09			1.64				51.96	
[8, 8, 6, 8, 8, 8, 8]			94.74		93.42			1.32				51.34	
[8, 8, 8, 6, 8, 8, 8]			94.74		93.09			1.64				48.34	
[8, 8, 8, 8, 6, 8, 8]			94.74		93.09			1.64				48.34	
[8, 8, 8, 8, 8, 6, 8]			94.74		93.09			1.64				48.96	
[8, 8, 8, 8, 8, 8, 6]			94.74		93.42			1.32				52.03	
[4, 8, 8, 8, 8, 8, 8]			94.74		93.42			1.32				52.27	
[6, 6, 8, 8, 8, 8, 8]			94.74		94.08			0.66				51.93	
[6, 8, 6, 8, 8, 8, 8]			94.74		93.75			0.99				51.31	
[6, 8, 8, 6, 8, 8, 8]			94.74		94.41			0.33				48.31	
[6, 8, 8, 8, 6, 8, 8]			94.74		94.08			0.66				48.31	
[6, 8, 8, 8, 8, 6, 8]			94.74		94.08			0.66				48.93	
[6, 8, 8, 8, 8, 8, 6]			94.74		94.08			0.66				52.0	
[4, 8, 8, 6, 8, 8, 8]			94.74		93.42			1.32				48.27	
[6, 6, 8, 6, 8, 8, 8]			94.74		94.41			0.33				47.93	
[6, 8, 6, 6, 8, 8, 8]			94.74		94.08			0.66				47.31	
[6, 8, 8, 4, 8, 8, 8]			94.74		92.43			2.3				44.31	
[6, 8, 8, 6, 6, 8, 8]			94.74		94.08			0.66				44.31	
[6, 8, 8, 6, 8, 6, 8]			94.74		94.08			0.66				44.93	
[6, 8, 8, 6, 8, 8, 6]			94.74		94.41			0.33				48.0	
[4, 6, 8, 6, 8, 8, 8]			94.74		93.42			1.32				47.9	
[6, 4, 8, 6, 8, 8, 8]			94.74		94.41			0.33				47.56	
[6, 6, 6, 6, 8, 8, 8]			94.74		94.08			0.66				46.93	
[6, 6, 8, 4, 8, 8, 8]			94.74		92.43			2.3				43.93	
[6, 6, 8, 6, 6, 8, 8]			94.74		94.41			0.33				43.93	
[6, 6, 8, 6, 8, 6, 8]			94.74		94.41			0.33				44.56	
[6, 6, 8, 6, 8, 8, 6]			94.74		94.41			0.33				47.63	
[4, 6, 8, 6, 6, 8, 8]			94.74		93.09			1.64				43.9	
[6, 4, 8, 6, 6, 8, 8]			94.74		94.08			0.66				43.56	
[6, 6, 6, 6, 6, 8, 8]			94.74		93.75			0.99				42.93	
[6, 6, 8, 4, 6, 8, 8]			94.74		92.11			2.63				39.93	
[6, 6, 8, 6, 4, 8, 8]			94.74		93.09			1.64				39.93	
[6, 6, 8, 6, 6, 6, 8]			94.74		94.08			0.66				40.56	
[6, 6, 8, 6, 6, 8, 6]			94.74		94.41			0.33				43.63	
[4, 6, 8, 6, 6, 8, 6]			94.74		93.09			1.64				43.6	
[6, 4, 8, 6, 6, 8, 6]			94.74		94.08			0.66				43.25	
[6, 6, 6, 6, 6, 8, 6]			94.74		94.08			0.66				42.63	
[6, 6, 8, 4, 6, 8, 6]			94.74		92.11			2.63				39.63	
[6, 6, 8, 6, 4, 8, 6]			94.74		93.42			1.32				39.63	
[6, 6, 8, 6, 6, 6, 6]			94.74		94.08			0.66				40.25	
[6, 6, 8, 6, 6, 8, 4]			94.74		93.75			0.99				43.32	
[4, 6, 8, 6, 6, 6, 6]			94.74		93.09			1.64				40.22	
[6, 4, 8, 6, 6, 6, 6]			94.74		94.08			0.66				39.88	
[6, 6, 6, 6, 6, 6, 6]			94.74		93.75			0.99				39.25	
[6, 6, 8, 4, 6, 6, 6]			94.74		92.11			2.63				36.25	
[6, 6, 8, 6, 4, 6, 6]			94.74		93.42			1.32				36.25	
[6, 6, 8, 6, 6, 4, 6]			94.74		94.08			0.66				36.88	
[6, 6, 8, 6, 6, 6, 4]			94.74		93.75			0.99				39.95	
[4, 6, 8, 6, 6, 4, 6]			94.74		92.11			2.63				36.85	
[6, 4, 8, 6, 6, 4, 6]			94.74		94.41			0.33				36.5	
[6, 6, 6, 6, 6, 4, 6]			94.74		93.42			1.32				35.88	
[6, 6, 8, 4, 6, 4, 6]			94.74		93.09			1.64				32.88	
[6, 6, 8, 6, 4, 4, 6]			94.74		91.78			2.96				32.88	
[6, 6, 8, 6, 6, 2, 6]			94.74		1.97			92.76				33.5	
[6, 6, 8, 6, 6, 4, 4]			94.74		93.75			0.99				36.57	
[4, 4, 8, 6, 6, 4, 6]			94.74		92.76			1.97				36.47	
[6, 2, 8, 6, 6, 4, 6]			94.74		1.97			92.76				36.13	
[6, 4, 6, 6, 6, 4, 6]			94.74		94.08			0.66				35.5	
[6, 4, 8, 4, 6, 4, 6]			94.74		92.11			2.63				32.5	
[6, 4, 8, 6, 4, 4, 6]			94.74		92.11			2.63				32.5	
[6, 4, 8, 6, 6, 2, 6]			94.74		1.97			92.76				33.13	
[6, 4, 8, 6, 6, 4, 4]			94.74		94.08			0.66				36.2	
[4, 4, 6, 6, 6, 4, 6]			94.74		92.43			2.3				35.47	
[6, 2, 6, 6, 6, 4, 6]			94.74		1.97			92.76				35.13	
[6, 4, 4, 6, 6, 4, 6]			94.74		92.11			2.63				34.5	
[6, 4, 6, 4, 6, 4, 6]			94.74		91.78			2.96				31.5	
[6, 4, 6, 6, 4, 4, 6]			94.74		92.43			2.3				31.5	
[6, 4, 6, 6, 6, 2, 6]			94.74		1.97			92.76				32.13	
[6, 4, 6, 6, 6, 4, 4]			94.74		93.09			1.64				35.2	
[4, 4, 6, 6, 6, 4, 4]			94.74		92.76			1.97				35.17	
[6, 2, 6, 6, 6, 4, 4]			94.74		1.97			92.76				34.82	
[6, 4, 4, 6, 6, 4, 4]			94.74		91.45			3.29				34.2	
[6, 4, 6, 4, 6, 4, 4]			94.74		91.12			3.62				31.2	
[6, 4, 6, 6, 4, 4, 4]			94.74		91.12			3.62				31.2	
[6, 4, 6, 6, 6, 2, 4]			94.74		1.97			92.76				31.82	
[6, 4, 6, 6, 6, 4, 2]			94.74		89.14			5.59				34.9	
[2, 4, 6, 6, 6, 4, 4]			94.74		1.97			92.76				35.14	
[4, 2, 6, 6, 6, 4, 4]			94.74		1.97			92.76				34.79	
[4, 4, 4, 6, 6, 4, 4]			94.74		91.78			2.96				34.17	
[4, 4, 6, 4, 6, 4, 4]			94.74		91.45			3.29				31.17	
[4, 4, 6, 6, 4, 4, 4]			94.74		90.79			3.95				31.17	
[4, 4, 6, 6, 6, 2, 4]			94.74		1.97			92.76				31.79	
[4, 4, 6, 6, 6, 4, 2]			94.74		86.51			8.22				34.87	
[2, 4, 4, 6, 6, 4, 4]			94.74		1.97			92.76				34.14	
[4, 2, 4, 6, 6, 4, 4]			94.74		1.97			92.76				33.79	
[4, 4, 2, 6, 6, 4, 4]			94.74		1.97			92.76				33.17	
[4, 4, 4, 4, 6, 4, 4]			94.74		90.46			4.28				30.17	
[4, 4, 4, 6, 4, 4, 4]			94.74		90.13			4.61				30.17	
[4, 4, 4, 6, 6, 2, 4]			94.74		1.97			92.76				30.79	
[4, 4, 4, 6, 6, 4, 2]			94.74		84.54			10.2				33.87	
[2, 4, 4, 4, 6, 4, 4]			94.74		1.97			92.76				30.14	
[4, 2, 4, 4, 6, 4, 4]			94.74		1.97			92.76				29.79	
[4, 4, 2, 4, 6, 4, 4]			94.74		1.97			92.76				29.17	
[4, 4, 4, 2, 6, 4, 4]			94.74		1.97			92.76				26.17	
[4, 4, 4, 4, 4, 4, 4]			94.74		88.82			5.92				26.17	
[4, 4, 4, 4, 6, 2, 4]			94.74		1.97			92.76				26.79	
[4, 4, 4, 4, 6, 4, 2]			94.74		83.55			11.18				29.87	
[2, 4, 4, 4, 4, 4, 4]			94.74		1.97			92.76				26.14	
[4, 2, 4, 4, 4, 4, 4]			94.74		1.97			92.76				25.79	
[4, 4, 2, 4, 4, 4, 4]			94.74		1.97			92.76				25.17	
[4, 4, 4, 2, 4, 4, 4]			94.74		1.97			92.76				22.17	
[4, 4, 4, 4, 2, 4, 4]			94.74		1.97			92.76				22.17	
[4, 4, 4, 4, 4, 2, 4]			94.74		1.97			92.76				22.79	
[4, 4, 4, 4, 4, 4, 2]			94.74		82.57			12.17				25.87	
[2, 4, 4, 4, 4, 4, 2]			94.74		27.96			66.78				25.83	
[4, 2, 4, 4, 4, 4, 2]			94.74		27.96			66.78				25.49	
[4, 4, 2, 4, 4, 4, 2]			94.74		27.96			66.78				24.87	
[4, 4, 4, 2, 4, 4, 2]			94.74		27.96			66.78				21.87	
[4, 4, 4, 4, 2, 4, 2]			94.74		27.96			66.78				21.87	
[4, 4, 4, 4, 4, 2, 2]			94.74		27.96			66.78				22.49	
[4, 4, 4, 4, 4, 4, 2]			94.74		82.57			12.17				25.87	
