7c
78
70
60
40
00
00
00
00
00
00
00
00
00
00
00
00
00
00
00
01
03
07
0f
1e
3d
7b
77
6f
5e
3c
78
70
60
40
00
01
03
07
0f
1e
3d
7b
77
6f
5e
3c
78
70
60
40
00
01
03
07
0f
1e
3d
7b
77
6f
5e
3c
78
70
60
40
01
03
07
0f
1e
3c
79
73
67
4e
1c
38
70
60
40
00
01
03
07
0f
1e
3c
78
70
60
40
00
00
00
00
00
00
00
00
00
00
00
00
00
01
03
07
0f
1e
3c
78
70
60
40
00
01
03
07
0f
1e
3d
7b
77
6f
5f
3e
7c
78
70
60
40
00
00
00
00
00
00
01
03
07
0f
1f
3e
7c
78
70
60
40
00
00
00
00
00
00
00
00
00
00
00
00
00
00
00
00
00
00
00
00
00
00
00
00
00
00
00
00
00
00
00
00
00
00
00
00
00
00
00
00
00
00
00
00
00
00
00
00
00
00
00
00
00
00
00
00
00
00
00
00
00
00
00
00
00
00
00
00
00
00
00
00
01
03
07
0f
1f
